/* Generated by 2016 ReVoL SYNAX */
/* 20-05-2024 22:03:04 */

/* Rule Length */
int RLEN[] = {0,2,2,0,4,4,3,0,0,2,2,0,3,5,4,5,2,0,3,2,3,0,1,2,2,0,2,2,2,2,0,3,3,2,0,3,3,1,2,1,1,1,1,3};

/* Rule Symbol */
sttype RSYM[] = {TOK_EOT,SYM_M,SYM_DD,SYM_DD,SYM_D,SYM_D,SYM_D_,SYM_D_,SYM_SS,SYM_SS,SYM_S_,SYM_S_,SYM_S,SYM_S,SYM_S,SYM_S,SYM_E,SYM_OR_,SYM_OR_,SYM_OR,SYM_AND_,SYM_AND_,SYM_AND,SYM_NOT,SYM_NOT,SYM_C_,SYM_C_,SYM_C_,SYM_C_,SYM_C,SYM_AS_,SYM_AS_,SYM_AS_,SYM_AS,SYM_MD_,SYM_MD_,SYM_MD_,SYM_MD,SYM_U,SYM_U,SYM_V,SYM_V,SYM_V,SYM_V};

#define ACC 85 /* ACCEPT CODE  */

#define START SYM_M /* START SYMBOL */

#define MAX_DFA_STATE 84 /* LAST DFA STATE */

/* Syntax Table SYNTA (SLR-analysis) */
stack_t SYNTA[85][46] = {
/*       EOT [stri  [id]   [;] [int]   [,]   [{]   [}]  [if]   [(]   [)]   [=] [prin  [||]  [&&]   [!]  [==]   [>]   [<]   [+]   [-]   [*]   [/] [quot  [I4]   <M>  <DD>  <SS>   <D>  <D.>   <S>  <S.>   <E>  <OR> <OR.> <AND> <AND. <NOT>   <C>  <C.>  <AS> <AS.>  <MD> <MD.>   <U>   <V> */
/*         0     1     2     3     4     5     6     7     8     9    10    11    12    13    14    15    16    17    18    19    20    21    22    23    24    25    26    27    28    29    30    31    32    33    34    35    36    37    38    39    40    41    42    43    44    45 */
/*00*/{    0,    4,    0,    0,    5,    0,    0,    0,    0,    0,    0,    0,    0,    0,    0,    0,    0,    0,    0,    0,    0,    0,    0,    0,    0,    1,    2,    0,    3,    0,    0,    0,    0,    0,    0,    0,    0,    0,    0,    0,    0,    0,    0,    0,    0,    0 },
/*01*/{  ACC,    0,    0,    0,    0,    0,    0,    0,    0,    0,    0,    0,    0,    0,    0,    0,    0,    0,    0,    0,    0,    0,    0,    0,    0,    0,    0,    0,    0,    0,    0,    0,    0,    0,    0,    0,    0,    0,    0,    0,    0,    0,    0,    0,    0,    0 },
/*02*/{   -8,    0,   10,    0,    0,    0,    8,   -8,    9,    0,    0,    0,   11,    0,    0,    0,    0,    0,    0,    0,    0,    0,    0,    0,    0,    0,    0,    6,    0,    0,    7,    0,    0,    0,    0,    0,    0,    0,    0,    0,    0,    0,    0,    0,    0,    0 },
/*03*/{   -3,    4,   -3,    0,    5,    0,   -3,   -3,   -3,    0,    0,    0,   -3,    0,    0,    0,    0,    0,    0,    0,    0,    0,    0,    0,    0,    0,   12,    0,    3,    0,    0,    0,    0,    0,    0,    0,    0,    0,    0,    0,    0,    0,    0,    0,    0,    0 },
/*04*/{    0,    0,   13,    0,    0,    0,    0,    0,    0,    0,    0,    0,    0,    0,    0,    0,    0,    0,    0,    0,    0,    0,    0,    0,    0,    0,    0,    0,    0,    0,    0,    0,    0,    0,    0,    0,    0,    0,    0,    0,    0,    0,    0,    0,    0,    0 },
/*05*/{    0,    0,   14,    0,    0,    0,    0,    0,    0,    0,    0,    0,    0,    0,    0,    0,    0,    0,    0,    0,    0,    0,    0,    0,    0,    0,    0,    0,    0,    0,    0,    0,    0,    0,    0,    0,    0,    0,    0,    0,    0,    0,    0,    0,    0,    0 },
/*06*/{   -1,    0,    0,    0,    0,    0,    0,    0,    0,    0,    0,    0,    0,    0,    0,    0,    0,    0,    0,    0,    0,    0,    0,    0,    0,    0,    0,    0,    0,    0,    0,    0,    0,    0,    0,    0,    0,    0,    0,    0,    0,    0,    0,    0,    0,    0 },
/*07*/{  -11,    0,   10,    0,    0,    0,    8,  -11,    9,    0,    0,    0,   11,    0,    0,    0,    0,    0,    0,    0,    0,    0,    0,    0,    0,    0,    0,    0,    0,    0,   16,   15,    0,    0,    0,    0,    0,    0,    0,    0,    0,    0,    0,    0,    0,    0 },
/*08*/{   -8,    0,   10,    0,    0,    0,    8,   -8,    9,    0,    0,    0,   11,    0,    0,    0,    0,    0,    0,    0,    0,    0,    0,    0,    0,    0,    0,   17,    0,    0,    7,    0,    0,    0,    0,    0,    0,    0,    0,    0,    0,    0,    0,    0,    0,    0 },
/*09*/{    0,    0,    0,    0,    0,    0,    0,    0,    0,   18,    0,    0,    0,    0,    0,    0,    0,    0,    0,    0,    0,    0,    0,    0,    0,    0,    0,    0,    0,    0,    0,    0,    0,    0,    0,    0,    0,    0,    0,    0,    0,    0,    0,    0,    0,    0 },
/*10*/{    0,    0,    0,    0,    0,    0,    0,    0,    0,    0,    0,   19,    0,    0,    0,    0,    0,    0,    0,    0,    0,    0,    0,    0,    0,    0,    0,    0,    0,    0,    0,    0,    0,    0,    0,    0,    0,    0,    0,    0,    0,    0,    0,    0,    0,    0 },
/*11*/{    0,    0,    0,    0,    0,    0,    0,    0,    0,   20,    0,    0,    0,    0,    0,    0,    0,    0,    0,    0,    0,    0,    0,    0,    0,    0,    0,    0,    0,    0,    0,    0,    0,    0,    0,    0,    0,    0,    0,    0,    0,    0,    0,    0,    0,    0 },
/*12*/{   -2,    0,   -2,    0,    0,    0,   -2,   -2,   -2,    0,    0,    0,   -2,    0,    0,    0,    0,    0,    0,    0,    0,    0,    0,    0,    0,    0,    0,    0,    0,    0,    0,    0,    0,    0,    0,    0,    0,    0,    0,    0,    0,    0,    0,    0,    0,    0 },
/*13*/{    0,    0,    0,   -7,    0,   22,    0,    0,    0,    0,    0,    0,    0,    0,    0,    0,    0,    0,    0,    0,    0,    0,    0,    0,    0,    0,    0,    0,    0,   21,    0,    0,    0,    0,    0,    0,    0,    0,    0,    0,    0,    0,    0,    0,    0,    0 },
/*14*/{    0,    0,    0,   -7,    0,   22,    0,    0,    0,    0,    0,    0,    0,    0,    0,    0,    0,    0,    0,    0,    0,    0,    0,    0,    0,    0,    0,    0,    0,   23,    0,    0,    0,    0,    0,    0,    0,    0,    0,    0,    0,    0,    0,    0,    0,    0 },
/*15*/{   -9,    0,    0,    0,    0,    0,    0,   -9,    0,    0,    0,    0,    0,    0,    0,    0,    0,    0,    0,    0,    0,    0,    0,    0,    0,    0,    0,    0,    0,    0,    0,    0,    0,    0,    0,    0,    0,    0,    0,    0,    0,    0,    0,    0,    0,    0 },
/*16*/{  -11,    0,   10,    0,    0,    0,    8,  -11,    9,    0,    0,    0,   11,    0,    0,    0,    0,    0,    0,    0,    0,    0,    0,    0,    0,    0,    0,    0,    0,    0,   16,   24,    0,    0,    0,    0,    0,    0,    0,    0,    0,    0,    0,    0,    0,    0 },
/*17*/{    0,    0,    0,    0,    0,    0,    0,   25,    0,    0,    0,    0,    0,    0,    0,    0,    0,    0,    0,    0,    0,    0,    0,    0,    0,    0,    0,    0,    0,    0,    0,    0,    0,    0,    0,    0,    0,    0,    0,    0,    0,    0,    0,    0,    0,    0 },
/*18*/{    0,    0,   37,    0,    0,    0,    0,    0,    0,   40,    0,    0,    0,    0,    0,   30,    0,    0,    0,    0,   35,    0,    0,   38,   39,    0,    0,    0,    0,    0,    0,    0,   26,   27,    0,   28,    0,   29,   31,    0,   32,    0,   33,    0,   34,   36 },
/*19*/{    0,    0,   37,    0,    0,    0,    0,    0,    0,   40,    0,    0,    0,    0,    0,   30,    0,    0,    0,    0,   35,    0,    0,   38,   39,    0,    0,    0,    0,    0,    0,    0,   41,   27,    0,   28,    0,   29,   31,    0,   32,    0,   33,    0,   34,   36 },
/*20*/{    0,    0,   37,    0,    0,    0,    0,    0,    0,   40,    0,    0,    0,    0,    0,   30,    0,    0,    0,    0,   35,    0,    0,   38,   39,    0,    0,    0,    0,    0,    0,    0,   42,   27,    0,   28,    0,   29,   31,    0,   32,    0,   33,    0,   34,   36 },
/*21*/{    0,    0,    0,   43,    0,    0,    0,    0,    0,    0,    0,    0,    0,    0,    0,    0,    0,    0,    0,    0,    0,    0,    0,    0,    0,    0,    0,    0,    0,    0,    0,    0,    0,    0,    0,    0,    0,    0,    0,    0,    0,    0,    0,    0,    0,    0 },
/*22*/{    0,    0,   44,    0,    0,    0,    0,    0,    0,    0,    0,    0,    0,    0,    0,    0,    0,    0,    0,    0,    0,    0,    0,    0,    0,    0,    0,    0,    0,    0,    0,    0,    0,    0,    0,    0,    0,    0,    0,    0,    0,    0,    0,    0,    0,    0 },
/*23*/{    0,    0,    0,   45,    0,    0,    0,    0,    0,    0,    0,    0,    0,    0,    0,    0,    0,    0,    0,    0,    0,    0,    0,    0,    0,    0,    0,    0,    0,    0,    0,    0,    0,    0,    0,    0,    0,    0,    0,    0,    0,    0,    0,    0,    0,    0 },
/*24*/{  -10,    0,    0,    0,    0,    0,    0,  -10,    0,    0,    0,    0,    0,    0,    0,    0,    0,    0,    0,    0,    0,    0,    0,    0,    0,    0,    0,    0,    0,    0,    0,    0,    0,    0,    0,    0,    0,    0,    0,    0,    0,    0,    0,    0,    0,    0 },
/*25*/{  -12,    0,  -12,    0,    0,    0,  -12,  -12,  -12,    0,    0,    0,  -12,    0,    0,    0,    0,    0,    0,    0,    0,    0,    0,    0,    0,    0,    0,    0,    0,    0,    0,    0,    0,    0,    0,    0,    0,    0,    0,    0,    0,    0,    0,    0,    0,    0 },
/*26*/{    0,    0,    0,    0,    0,    0,    0,    0,    0,    0,   46,    0,    0,    0,    0,    0,    0,    0,    0,    0,    0,    0,    0,    0,    0,    0,    0,    0,    0,    0,    0,    0,    0,    0,    0,    0,    0,    0,    0,    0,    0,    0,    0,    0,    0,    0 },
/*27*/{    0,    0,    0,  -17,    0,    0,    0,    0,    0,    0,  -17,    0,    0,   48,    0,    0,    0,    0,    0,    0,    0,    0,    0,    0,    0,    0,    0,    0,    0,    0,    0,    0,    0,    0,   47,    0,    0,    0,    0,    0,    0,    0,    0,    0,    0,    0 },
/*28*/{    0,    0,    0,  -21,    0,    0,    0,    0,    0,    0,  -21,    0,    0,  -21,   50,    0,    0,    0,    0,    0,    0,    0,    0,    0,    0,    0,    0,    0,    0,    0,    0,    0,    0,    0,    0,    0,   49,    0,    0,    0,    0,    0,    0,    0,    0,    0 },
/*29*/{    0,    0,    0,  -22,    0,    0,    0,    0,    0,    0,  -22,    0,    0,  -22,  -22,    0,    0,    0,    0,    0,    0,    0,    0,    0,    0,    0,    0,    0,    0,    0,    0,    0,    0,    0,    0,    0,    0,    0,    0,    0,    0,    0,    0,    0,    0,    0 },
/*30*/{    0,    0,   37,    0,    0,    0,    0,    0,    0,   40,    0,    0,    0,    0,    0,    0,    0,    0,    0,    0,   35,    0,    0,   38,   39,    0,    0,    0,    0,    0,    0,    0,    0,    0,    0,    0,    0,    0,   51,    0,   32,    0,   33,    0,   34,   36 },
/*31*/{    0,    0,    0,  -25,    0,    0,    0,    0,    0,    0,  -25,    0,    0,  -25,  -25,    0,   53,   54,   55,    0,    0,    0,    0,    0,    0,    0,    0,    0,    0,    0,    0,    0,    0,    0,    0,    0,    0,    0,    0,   52,    0,    0,    0,    0,    0,    0 },
/*32*/{    0,    0,    0,  -30,    0,    0,    0,    0,    0,    0,  -30,    0,    0,  -30,  -30,    0,  -30,  -30,  -30,   57,   58,    0,    0,    0,    0,    0,    0,    0,    0,    0,    0,    0,    0,    0,    0,    0,    0,    0,    0,    0,    0,   56,    0,    0,    0,    0 },
/*33*/{    0,    0,    0,  -34,    0,    0,    0,    0,    0,    0,  -34,    0,    0,  -34,  -34,    0,  -34,  -34,  -34,  -34,  -34,   60,   61,    0,    0,    0,    0,    0,    0,    0,    0,    0,    0,    0,    0,    0,    0,    0,    0,    0,    0,    0,    0,   59,    0,    0 },
/*34*/{    0,    0,    0,  -37,    0,    0,    0,    0,    0,    0,  -37,    0,    0,  -37,  -37,    0,  -37,  -37,  -37,  -37,  -37,  -37,  -37,    0,    0,    0,    0,    0,    0,    0,    0,    0,    0,    0,    0,    0,    0,    0,    0,    0,    0,    0,    0,    0,    0,    0 },
/*35*/{    0,    0,   37,    0,    0,    0,    0,    0,    0,   40,    0,    0,    0,    0,    0,    0,    0,    0,    0,    0,    0,    0,    0,   38,   39,    0,    0,    0,    0,    0,    0,    0,    0,    0,    0,    0,    0,    0,    0,    0,    0,    0,    0,    0,    0,   62 },
/*36*/{    0,    0,    0,  -39,    0,    0,    0,    0,    0,    0,  -39,    0,    0,  -39,  -39,    0,  -39,  -39,  -39,  -39,  -39,  -39,  -39,    0,    0,    0,    0,    0,    0,    0,    0,    0,    0,    0,    0,    0,    0,    0,    0,    0,    0,    0,    0,    0,    0,    0 },
/*37*/{    0,    0,    0,  -40,    0,    0,    0,    0,    0,    0,  -40,    0,    0,  -40,  -40,    0,  -40,  -40,  -40,  -40,  -40,  -40,  -40,    0,    0,    0,    0,    0,    0,    0,    0,    0,    0,    0,    0,    0,    0,    0,    0,    0,    0,    0,    0,    0,    0,    0 },
/*38*/{    0,    0,    0,  -41,    0,    0,    0,    0,    0,    0,  -41,    0,    0,  -41,  -41,    0,  -41,  -41,  -41,  -41,  -41,  -41,  -41,    0,    0,    0,    0,    0,    0,    0,    0,    0,    0,    0,    0,    0,    0,    0,    0,    0,    0,    0,    0,    0,    0,    0 },
/*39*/{    0,    0,    0,  -42,    0,    0,    0,    0,    0,    0,  -42,    0,    0,  -42,  -42,    0,  -42,  -42,  -42,  -42,  -42,  -42,  -42,    0,    0,    0,    0,    0,    0,    0,    0,    0,    0,    0,    0,    0,    0,    0,    0,    0,    0,    0,    0,    0,    0,    0 },
/*40*/{    0,    0,   37,    0,    0,    0,    0,    0,    0,   40,    0,    0,    0,    0,    0,   30,    0,    0,    0,    0,   35,    0,    0,   38,   39,    0,    0,    0,    0,    0,    0,    0,   63,   27,    0,   28,    0,   29,   31,    0,   32,    0,   33,    0,   34,   36 },
/*41*/{    0,    0,    0,   64,    0,    0,    0,    0,    0,    0,    0,    0,    0,    0,    0,    0,    0,    0,    0,    0,    0,    0,    0,    0,    0,    0,    0,    0,    0,    0,    0,    0,    0,    0,    0,    0,    0,    0,    0,    0,    0,    0,    0,    0,    0,    0 },
/*42*/{    0,    0,    0,    0,    0,    0,    0,    0,    0,    0,   65,    0,    0,    0,    0,    0,    0,    0,    0,    0,    0,    0,    0,    0,    0,    0,    0,    0,    0,    0,    0,    0,    0,    0,    0,    0,    0,    0,    0,    0,    0,    0,    0,    0,    0,    0 },
/*43*/{   -4,   -4,   -4,    0,   -4,    0,   -4,   -4,   -4,    0,    0,    0,   -4,    0,    0,    0,    0,    0,    0,    0,    0,    0,    0,    0,    0,    0,    0,    0,    0,    0,    0,    0,    0,    0,    0,    0,    0,    0,    0,    0,    0,    0,    0,    0,    0,    0 },
/*44*/{    0,    0,    0,   -7,    0,   22,    0,    0,    0,    0,    0,    0,    0,    0,    0,    0,    0,    0,    0,    0,    0,    0,    0,    0,    0,    0,    0,    0,    0,   66,    0,    0,    0,    0,    0,    0,    0,    0,    0,    0,    0,    0,    0,    0,    0,    0 },
/*45*/{   -5,   -5,   -5,    0,   -5,    0,   -5,   -5,   -5,    0,    0,    0,   -5,    0,    0,    0,    0,    0,    0,    0,    0,    0,    0,    0,    0,    0,    0,    0,    0,    0,    0,    0,    0,    0,    0,    0,    0,    0,    0,    0,    0,    0,    0,    0,    0,    0 },
/*46*/{    0,    0,   10,    0,    0,    0,    8,    0,    9,    0,    0,    0,   11,    0,    0,    0,    0,    0,    0,    0,    0,    0,    0,    0,    0,    0,    0,    0,    0,    0,   67,    0,    0,    0,    0,    0,    0,    0,    0,    0,    0,    0,    0,    0,    0,    0 },
/*47*/{    0,    0,    0,  -16,    0,    0,    0,    0,    0,    0,  -16,    0,    0,    0,    0,    0,    0,    0,    0,    0,    0,    0,    0,    0,    0,    0,    0,    0,    0,    0,    0,    0,    0,    0,    0,    0,    0,    0,    0,    0,    0,    0,    0,    0,    0,    0 },
/*48*/{    0,    0,   37,    0,    0,    0,    0,    0,    0,   40,    0,    0,    0,    0,    0,   30,    0,    0,    0,    0,   35,    0,    0,   38,   39,    0,    0,    0,    0,    0,    0,    0,    0,   68,    0,   28,    0,   29,   31,    0,   32,    0,   33,    0,   34,   36 },
/*49*/{    0,    0,    0,  -19,    0,    0,    0,    0,    0,    0,  -19,    0,    0,  -19,    0,    0,    0,    0,    0,    0,    0,    0,    0,    0,    0,    0,    0,    0,    0,    0,    0,    0,    0,    0,    0,    0,    0,    0,    0,    0,    0,    0,    0,    0,    0,    0 },
/*50*/{    0,    0,   37,    0,    0,    0,    0,    0,    0,   40,    0,    0,    0,    0,    0,   30,    0,    0,    0,    0,   35,    0,    0,   38,   39,    0,    0,    0,    0,    0,    0,    0,    0,    0,    0,   69,    0,   29,   31,    0,   32,    0,   33,    0,   34,   36 },
/*51*/{    0,    0,    0,  -23,    0,    0,    0,    0,    0,    0,  -23,    0,    0,  -23,  -23,    0,    0,    0,    0,    0,    0,    0,    0,    0,    0,    0,    0,    0,    0,    0,    0,    0,    0,    0,    0,    0,    0,    0,    0,    0,    0,    0,    0,    0,    0,    0 },
/*52*/{    0,    0,    0,  -24,    0,    0,    0,    0,    0,    0,  -24,    0,    0,  -24,  -24,    0,    0,    0,    0,    0,    0,    0,    0,    0,    0,    0,    0,    0,    0,    0,    0,    0,    0,    0,    0,    0,    0,    0,    0,    0,    0,    0,    0,    0,    0,    0 },
/*53*/{    0,    0,   37,    0,    0,    0,    0,    0,    0,   40,    0,    0,    0,    0,    0,    0,    0,    0,    0,    0,   35,    0,    0,   38,   39,    0,    0,    0,    0,    0,    0,    0,    0,    0,    0,    0,    0,    0,   70,    0,   32,    0,   33,    0,   34,   36 },
/*54*/{    0,    0,   37,    0,    0,    0,    0,    0,    0,   40,    0,    0,    0,    0,    0,    0,    0,    0,    0,    0,   35,    0,    0,   38,   39,    0,    0,    0,    0,    0,    0,    0,    0,    0,    0,    0,    0,    0,   71,    0,   32,    0,   33,    0,   34,   36 },
/*55*/{    0,    0,   37,    0,    0,    0,    0,    0,    0,   40,    0,    0,    0,    0,    0,    0,    0,    0,    0,    0,   35,    0,    0,   38,   39,    0,    0,    0,    0,    0,    0,    0,    0,    0,    0,    0,    0,    0,   72,    0,   32,    0,   33,    0,   34,   36 },
/*56*/{    0,    0,    0,  -29,    0,    0,    0,    0,    0,    0,  -29,    0,    0,  -29,  -29,    0,  -29,  -29,  -29,    0,    0,    0,    0,    0,    0,    0,    0,    0,    0,    0,    0,    0,    0,    0,    0,    0,    0,    0,    0,    0,    0,    0,    0,    0,    0,    0 },
/*57*/{    0,    0,   37,    0,    0,    0,    0,    0,    0,   40,    0,    0,    0,    0,    0,    0,    0,    0,    0,    0,   35,    0,    0,   38,   39,    0,    0,    0,    0,    0,    0,    0,    0,    0,    0,    0,    0,    0,    0,    0,   73,    0,   33,    0,   34,   36 },
/*58*/{    0,    0,   37,    0,    0,    0,    0,    0,    0,   40,    0,    0,    0,    0,    0,    0,    0,    0,    0,    0,   35,    0,    0,   38,   39,    0,    0,    0,    0,    0,    0,    0,    0,    0,    0,    0,    0,    0,    0,    0,   74,    0,   33,    0,   34,   36 },
/*59*/{    0,    0,    0,  -33,    0,    0,    0,    0,    0,    0,  -33,    0,    0,  -33,  -33,    0,  -33,  -33,  -33,  -33,  -33,    0,    0,    0,    0,    0,    0,    0,    0,    0,    0,    0,    0,    0,    0,    0,    0,    0,    0,    0,    0,    0,    0,    0,    0,    0 },
/*60*/{    0,    0,   37,    0,    0,    0,    0,    0,    0,   40,    0,    0,    0,    0,    0,    0,    0,    0,    0,    0,   35,    0,    0,   38,   39,    0,    0,    0,    0,    0,    0,    0,    0,    0,    0,    0,    0,    0,    0,    0,    0,    0,   75,    0,   34,   36 },
/*61*/{    0,    0,   37,    0,    0,    0,    0,    0,    0,   40,    0,    0,    0,    0,    0,    0,    0,    0,    0,    0,   35,    0,    0,   38,   39,    0,    0,    0,    0,    0,    0,    0,    0,    0,    0,    0,    0,    0,    0,    0,    0,    0,   76,    0,   34,   36 },
/*62*/{    0,    0,    0,  -38,    0,    0,    0,    0,    0,    0,  -38,    0,    0,  -38,  -38,    0,  -38,  -38,  -38,  -38,  -38,  -38,  -38,    0,    0,    0,    0,    0,    0,    0,    0,    0,    0,    0,    0,    0,    0,    0,    0,    0,    0,    0,    0,    0,    0,    0 },
/*63*/{    0,    0,    0,    0,    0,    0,    0,    0,    0,    0,   77,    0,    0,    0,    0,    0,    0,    0,    0,    0,    0,    0,    0,    0,    0,    0,    0,    0,    0,    0,    0,    0,    0,    0,    0,    0,    0,    0,    0,    0,    0,    0,    0,    0,    0,    0 },
/*64*/{  -14,    0,  -14,    0,    0,    0,  -14,  -14,  -14,    0,    0,    0,  -14,    0,    0,    0,    0,    0,    0,    0,    0,    0,    0,    0,    0,    0,    0,    0,    0,    0,    0,    0,    0,    0,    0,    0,    0,    0,    0,    0,    0,    0,    0,    0,    0,    0 },
/*65*/{    0,    0,    0,   78,    0,    0,    0,    0,    0,    0,    0,    0,    0,    0,    0,    0,    0,    0,    0,    0,    0,    0,    0,    0,    0,    0,    0,    0,    0,    0,    0,    0,    0,    0,    0,    0,    0,    0,    0,    0,    0,    0,    0,    0,    0,    0 },
/*66*/{    0,    0,    0,   -6,    0,    0,    0,    0,    0,    0,    0,    0,    0,    0,    0,    0,    0,    0,    0,    0,    0,    0,    0,    0,    0,    0,    0,    0,    0,    0,    0,    0,    0,    0,    0,    0,    0,    0,    0,    0,    0,    0,    0,    0,    0,    0 },
/*67*/{  -13,    0,  -13,    0,    0,    0,  -13,  -13,  -13,    0,    0,    0,  -13,    0,    0,    0,    0,    0,    0,    0,    0,    0,    0,    0,    0,    0,    0,    0,    0,    0,    0,    0,    0,    0,    0,    0,    0,    0,    0,    0,    0,    0,    0,    0,    0,    0 },
/*68*/{    0,    0,    0,  -17,    0,    0,    0,    0,    0,    0,  -17,    0,    0,   48,    0,    0,    0,    0,    0,    0,    0,    0,    0,    0,    0,    0,    0,    0,    0,    0,    0,    0,    0,    0,   79,    0,    0,    0,    0,    0,    0,    0,    0,    0,    0,    0 },
/*69*/{    0,    0,    0,  -21,    0,    0,    0,    0,    0,    0,  -21,    0,    0,  -21,   50,    0,    0,    0,    0,    0,    0,    0,    0,    0,    0,    0,    0,    0,    0,    0,    0,    0,    0,    0,    0,    0,   80,    0,    0,    0,    0,    0,    0,    0,    0,    0 },
/*70*/{    0,    0,    0,  -26,    0,    0,    0,    0,    0,    0,  -26,    0,    0,  -26,  -26,    0,    0,    0,    0,    0,    0,    0,    0,    0,    0,    0,    0,    0,    0,    0,    0,    0,    0,    0,    0,    0,    0,    0,    0,    0,    0,    0,    0,    0,    0,    0 },
/*71*/{    0,    0,    0,  -27,    0,    0,    0,    0,    0,    0,  -27,    0,    0,  -27,  -27,    0,    0,    0,    0,    0,    0,    0,    0,    0,    0,    0,    0,    0,    0,    0,    0,    0,    0,    0,    0,    0,    0,    0,    0,    0,    0,    0,    0,    0,    0,    0 },
/*72*/{    0,    0,    0,  -28,    0,    0,    0,    0,    0,    0,  -28,    0,    0,  -28,  -28,    0,    0,    0,    0,    0,    0,    0,    0,    0,    0,    0,    0,    0,    0,    0,    0,    0,    0,    0,    0,    0,    0,    0,    0,    0,    0,    0,    0,    0,    0,    0 },
/*73*/{    0,    0,    0,  -30,    0,    0,    0,    0,    0,    0,  -30,    0,    0,  -30,  -30,    0,  -30,  -30,  -30,   57,   58,    0,    0,    0,    0,    0,    0,    0,    0,    0,    0,    0,    0,    0,    0,    0,    0,    0,    0,    0,    0,   81,    0,    0,    0,    0 },
/*74*/{    0,    0,    0,  -30,    0,    0,    0,    0,    0,    0,  -30,    0,    0,  -30,  -30,    0,  -30,  -30,  -30,   57,   58,    0,    0,    0,    0,    0,    0,    0,    0,    0,    0,    0,    0,    0,    0,    0,    0,    0,    0,    0,    0,   82,    0,    0,    0,    0 },
/*75*/{    0,    0,    0,  -34,    0,    0,    0,    0,    0,    0,  -34,    0,    0,  -34,  -34,    0,  -34,  -34,  -34,  -34,  -34,   60,   61,    0,    0,    0,    0,    0,    0,    0,    0,    0,    0,    0,    0,    0,    0,    0,    0,    0,    0,    0,    0,   83,    0,    0 },
/*76*/{    0,    0,    0,  -34,    0,    0,    0,    0,    0,    0,  -34,    0,    0,  -34,  -34,    0,  -34,  -34,  -34,  -34,  -34,   60,   61,    0,    0,    0,    0,    0,    0,    0,    0,    0,    0,    0,    0,    0,    0,    0,    0,    0,    0,    0,    0,   84,    0,    0 },
/*77*/{    0,    0,    0,  -43,    0,    0,    0,    0,    0,    0,  -43,    0,    0,  -43,  -43,    0,  -43,  -43,  -43,  -43,  -43,  -43,  -43,    0,    0,    0,    0,    0,    0,    0,    0,    0,    0,    0,    0,    0,    0,    0,    0,    0,    0,    0,    0,    0,    0,    0 },
/*78*/{  -15,    0,  -15,    0,    0,    0,  -15,  -15,  -15,    0,    0,    0,  -15,    0,    0,    0,    0,    0,    0,    0,    0,    0,    0,    0,    0,    0,    0,    0,    0,    0,    0,    0,    0,    0,    0,    0,    0,    0,    0,    0,    0,    0,    0,    0,    0,    0 },
/*79*/{    0,    0,    0,  -18,    0,    0,    0,    0,    0,    0,  -18,    0,    0,    0,    0,    0,    0,    0,    0,    0,    0,    0,    0,    0,    0,    0,    0,    0,    0,    0,    0,    0,    0,    0,    0,    0,    0,    0,    0,    0,    0,    0,    0,    0,    0,    0 },
/*80*/{    0,    0,    0,  -20,    0,    0,    0,    0,    0,    0,  -20,    0,    0,  -20,    0,    0,    0,    0,    0,    0,    0,    0,    0,    0,    0,    0,    0,    0,    0,    0,    0,    0,    0,    0,    0,    0,    0,    0,    0,    0,    0,    0,    0,    0,    0,    0 },
/*81*/{    0,    0,    0,  -31,    0,    0,    0,    0,    0,    0,  -31,    0,    0,  -31,  -31,    0,  -31,  -31,  -31,    0,    0,    0,    0,    0,    0,    0,    0,    0,    0,    0,    0,    0,    0,    0,    0,    0,    0,    0,    0,    0,    0,    0,    0,    0,    0,    0 },
/*82*/{    0,    0,    0,  -32,    0,    0,    0,    0,    0,    0,  -32,    0,    0,  -32,  -32,    0,  -32,  -32,  -32,    0,    0,    0,    0,    0,    0,    0,    0,    0,    0,    0,    0,    0,    0,    0,    0,    0,    0,    0,    0,    0,    0,    0,    0,    0,    0,    0 },
/*83*/{    0,    0,    0,  -35,    0,    0,    0,    0,    0,    0,  -35,    0,    0,  -35,  -35,    0,  -35,  -35,  -35,  -35,  -35,    0,    0,    0,    0,    0,    0,    0,    0,    0,    0,    0,    0,    0,    0,    0,    0,    0,    0,    0,    0,    0,    0,    0,    0,    0 },
/*84*/{    0,    0,    0,  -36,    0,    0,    0,    0,    0,    0,  -36,    0,    0,  -36,  -36,    0,  -36,  -36,  -36,  -36,  -36,    0,    0,    0,    0,    0,    0,    0,    0,    0,    0,    0,    0,    0,    0,    0,    0,    0,    0,    0,    0,    0,    0,    0,    0,    0 }
};

